%% File generated by CATS v.2.1Thu Sep 14 12:03:59 2017

%% The CATS webpage is http://robotics.stanford.edu/CATS

%% PARAMETER SETTINGS:
% Goods: 100; Bids: 30; Distribution: arbitrary; Runs: 1; Seed: 1505395294
% Arbitrary Distribution Parameters:
% Max Substitutable Bids = 5
% Removing HV Neighbor   = 0.1
% Adding DIAG Neighbor   = 0.2
% Additional Location    = 0.9
% Additivity             = 0.2
% Budget Factor          = 1.5
% Resale Factor          = 0.5
% Normal Private Value:
%   Mean                 = 0
%   Standard Deviation   = 30



goods 100
bids 35
dummy 7

0	630.293	0	8	24	42	47	48	51	60	67	72	73	90	100	#
1	942.038	0	1	19	26	28	42	48	53	55	59	70	73	100	#
2	834.72	0	14	15	31	55	62	69	70	73	79	91	94	100	#
3	737.977	6	7	22	28	29	60	73	79	82	87	93	99	100	#
4	724.462	14	16	34	35	36	43	59	67	76	77	82	96	100	#
5	677.62	0	7	24	38	46	47	65	68	74	83	90	97	100	#
6	205.859	34	37	67	72	77	91	101	#
7	272.457	7	22	24	27	72	89	101	#
8	250.721	47	60	61	67	72	89	101	#
9	1417.6	5	8	11	16	23	25	40	42	43	47	48	52	54	58	66	70	71	72	88	99	102	#
10	1813.65	10	14	15	16	25	36	41	44	52	54	55	70	71	73	81	83	89	93	97	99	102	#
11	1753.1	11	15	22	24	25	32	37	41	44	52	55	57	59	62	65	72	73	87	88	98	102	#
12	1728.07	15	17	19	22	30	33	35	36	39	41	42	43	49	53	59	70	75	88	96	99	102	#
13	1651.95	8	10	11	16	24	28	32	40	43	49	51	58	68	70	71	87	88	94	95	98	102	#
14	1630.4	7	9	11	15	16	22	23	41	50	53	54	55	68	69	76	77	87	92	98	99	102	#
15	376.423	14	48	62	103	#
16	396.818	1	48	62	103	#
17	351.093	22	62	64	103	#
18	137.732	3	14	46	103	#
19	53.2115	65	#
20	225.719	14	88	104	#
21	264.687	10	88	104	#
22	108.364	14	91	104	#
23	525.243	21	24	35	48	49	56	94	95	105	#
24	718.677	6	21	36	49	61	78	87	89	105	#
25	633.332	17	41	45	46	48	62	66	80	105	#
26	586.988	15	21	22	34	41	48	91	99	105	#
27	547.665	9	23	29	30	32	75	89	95	105	#
28	530.078	31	47	59	62	89	90	91	94	105	#
29	811.359	1	7	9	16	23	24	25	27	28	39	66	77	79	106	#
30	1026.45	1	9	22	24	30	32	37	53	70	76	78	82	86	106	#
31	992.986	1	2	9	10	28	30	42	50	56	78	85	93	95	106	#
32	959.93	0	8	9	13	17	27	59	66	79	86	87	88	94	106	#
33	928.691	0	9	16	24	25	26	27	37	43	47	74	79	94	106	#
34	887.325	0	1	3	7	17	24	42	46	51	79	92	93	99	106	#
